,summary_date,site,CO,NO,NO2,O3,longitude,latitude,x,y
0,2002-04-26,2008,,0.002,0.007,0.037,-120.02547,34.46248,0.36296796773220114,0.2848626455255127
1,2002-04-26,2013,0.404,0.002,0.012,0.029,-119.74139,36.70556,0.39398603683082184,0.587809621566138
2,2002-04-26,2032,0.33,0.004,0.012,0.022,-119.29095,36.33252,0.44316858767840833,0.5374274060668274
3,2002-04-26,2040,,0.006,0.012,0.026,-117.1289,32.8364,0.6792380621034697,0.06524675184354826
4,2002-04-26,2045,0.243,0.001,0.004,0.036,-118.3703,33.9208,0.5436923321012619,0.211704167904703
5,2002-04-26,2088,,0.006,0.005,0.032,-119.315277,34.280556,0.4405123761641798,0.26029226655141663
6,2002-04-26,2094,0.343,0.002,0.011,0.032,-121.26897,37.95075,0.22719294335831342,0.7559830906782636
7,2002-04-26,2102,0.343,0.003,0.006,0.04,-121.896944,38.029167,0.15862584632882631,0.7665739715296725
8,2002-04-26,2105,0.296,0.002,0.007,0.032,-122.709167,38.443611,0.0699410070670387,0.8225481483482344
9,2002-04-26,2114,,0.001,0.006,0.028,-119.50369,36.59744,0.41993997594917387,0.5732070986737257
10,2002-04-26,2115,0.252,0.001,0.007,0.035,-121.842224,39.7575,0.16460060252805278,1.0
11,2002-04-26,2123,0.287,0.001,0.009,0.037,-121.38108,38.71209,0.21495189954443655,0.8588085140866
12,2002-04-26,2125,0.383,0.005,0.005,0.04,-122.20348,37.48293,0.1251558560823655,0.6928000324140358
13,2002-04-26,2143,0.209,0.001,0.008,0.034,-121.7734,38.53455,0.17211534340260884,0.8348302314902357
14,2002-04-26,2160,0.104,0.004,0.014,0.024,-118.12714,34.13265,0.570242436585987,0.2403163069609141
15,2002-04-26,2166,0.43,0.021,0.017,0.021,-118.060504,34.014073,0.5775182745628092,0.22430147753977545
16,2002-04-26,2199,0.226,0.003,0.008,0.036,-116.54099,33.85262,0.7434306592724711,0.2024958807163507
17,2002-04-26,2221,0.37,0.004,0.013,0.022,-117.274063,34.106678,0.6633880340671322,0.2368085681099922
18,2002-04-26,2225,0.433,,,0.025,-122.2672,37.80139,0.11819840971879185,0.7358107560573727
19,2002-04-26,2249,0.326,0.004,0.012,0.025,-117.95259,33.92505,0.5893011663845094,0.21227816644607128
20,2002-04-26,2263,0.35,0.003,0.009,0.026,-117.075327,33.127708,0.6850875799006398,0.10459036762918354
21,2002-04-26,2266,,0.003,0.016,0.021,-117.49198,34.10015,0.6395941571178072,0.2359269063504499
22,2002-04-26,2293,0.47,0.002,0.008,0.04,-121.961944,37.535833,0.15152863958632265,0.6999450311985086
23,2002-04-26,2312,,0.001,0.01,0.032,-118.851825,35.345607,0.4911156786138186,0.4041364360768216
24,2002-04-26,2321,,0.003,0.005,0.046,-120.842602,35.366386,0.2737471255796617,0.4069428162394317
25,2002-04-26,2325,0.571,,,,-122.431114,37.784168,0.1003010013189353,0.7334847789092679
26,2002-04-26,2327,,0.001,0.01,0.022,-116.942497,32.790833,0.6995909948484353,0.05909254207071686
27,2002-04-26,2329,0.229,0.003,0.006,0.039,-122.1939,37.0119,0.12620187516841416,0.629183436427973
28,2002-04-26,2333,0.496,,,,-117.401108,33.946388,0.649516270519419,0.21516004429918167
29,2002-04-26,2360,0.274,0.001,0.003,0.044,-120.4575,34.63782,0.3157955642096849,0.30854379946516836
30,2002-04-26,2373,0.578,0.003,0.009,0.038,-122.39902,37.76595,0.10380527444499611,0.7310242835147615
31,2002-04-26,2410,0.283,0.002,0.005,0.039,-122.238,38.10251,0.121386693363116,0.7764795656519277
32,2002-04-26,2413,0.491,0.002,0.013,0.033,-121.887497,37.34,0.15965734343800134,0.6734961238216153
33,2002-04-26,2420,0.257,0.005,0.008,0.028,-118.53275,34.1992,0.525954774634807,0.24930444882634176
34,2002-04-26,2429,0.678,0.01,0.017,0.028,-118.18916,33.82376,0.5634706094756785,0.19859809297425815
35,2002-04-26,2460,,0.002,0.012,0.032,-116.76831,32.84232,0.718610089476997,0.06604629804705484
36,2002-04-26,2484,0.352,0.004,0.017,0.019,-117.92392,34.13648,0.5924315804969343,0.24083358094054735
37,2002-04-26,2485,0.009,0.003,0.019,0.019,-117.62906,34.10367,0.6246266940368496,0.23640231220118352
38,2002-04-26,2492,0.391,0.01,0.022,0.021,-118.3169,34.175799999999995,0.5495229604097192,0.24614408038680713
39,2002-04-26,2494,0.317,0.011,0.011,0.03,-118.4564,34.05109,0.5342912628623473,0.229300937305854
40,2002-04-26,2551,0.122,0.0005,0.001,0.038,-115.56299,32.79215,0.8502163237981339,0.059270414089300935
41,2002-04-26,2583,0.674,0.021,0.02,0.022,-118.21068,33.928991,0.5611208881049304,0.21281043191702081
42,2002-04-26,2589,0.465,0.004,0.006,0.03,-117.05905,32.63123,0.6868648296567593,0.03753680343588839
43,2002-04-26,2596,0.53,0.002,0.009,0.027,-117.41595,33.99952,0.647895705250615,0.22233597147564882
44,2002-04-26,2622,0.422,0.008,0.013,0.027,-122.52011,37.9723,0.09058372422269068,0.758893600929202
45,2002-04-26,2655,0.3,0.003,0.008,0.032,-122.2942,38.31139,0.11525033922575029,0.8046905810215828
46,2002-04-26,2671,,0.0005,0.0005,0.036,-120.63218,35.1239,0.29672263999767606,0.3741930255800763
47,2002-04-26,2709,0.5,0.002,0.006,0.036,-120.6578,35.2822,0.293925248663171,0.3955727830150461
48,2002-04-26,2731,0.33,0.001,0.008,0.047,-121.36801,38.61374,0.216378984038659,0.8455255125469329
49,2002-04-26,2756,,0.002,0.004,0.037,-119.417221,34.386665,0.42938133548482943,0.274623186839902
50,2002-04-26,2772,,0.001,0.01,0.03,-119.016787,35.438035,0.4731038414037146,0.41661962129602126
51,2002-04-26,2804,,0.001,0.004,0.038,-121.64191,38.0063,0.18647244670371277,0.7634855892601501
52,2002-04-26,2831,0.296,0.002,0.007,0.042,-122.0262,37.936,0.14451266856407158,0.7539909780935146
53,2002-04-26,2833,0.165,0.002,0.01,0.03,-120.994212,37.642165,0.2571931638222629,0.7143060695281056
54,2002-04-26,2840,0.417,,,,-121.3817,38.6102,0.2148842031108921,0.8450474055265929
55,2002-04-26,2844,0.283,0.001,0.006,0.051,-119.87449,36.84157,0.3794531411780961,0.6061789254747303
56,2002-04-26,2849,,0.001,0.016,0.023,-117.85038,34.14437,0.6004612510176051,0.24189919235028823
57,2002-04-26,2880,0.248,0.002,0.006,0.034,-118.683685,34.276316,0.5094745146397337,0.259719618594852
58,2002-04-26,2898,0.504,0.013,0.023,0.012,-117.75138,34.06698,0.6112708428254184,0.2314470165581701
59,2002-04-26,2899,0.348,0.007,0.01,0.03,-118.22676,34.06653,0.559365148344631,0.2313862402420251
60,2002-04-26,2923,0.077,0.001,0.012,0.033,-117.02471,34.89405,0.690614338572722,0.3431498338780694
61,2002-04-26,2933,0.83,0.014,0.017,0.024,-116.937931,32.552217,0.700089546325147,0.02686542773020738
62,2002-04-26,2937,0.143,0.001,0.005,0.034,-117.9256,33.67458,0.5922481449995878,0.1784500688798251
63,2002-04-26,2941,,0.0005,0.005,0.038,-118.776005,35.208153,0.49939429730945983,0.3855721077226445
64,2002-04-26,2943,0.026,0.001,0.005,0.038,-117.33104,33.67653,0.6571668410122449,0.17871343291645306
65,2002-04-26,2948,0.43,0.001,0.007,0.034,-119.970609,38.944979,0.36895811941067097,0.8902621485103045
66,2002-04-26,2954,,0.004,0.007,0.034,-120.19666,34.52745,0.3442761089283699,0.293637394992032
67,2002-04-26,2956,0.243,0.001,0.008,0.036,-121.26498,38.74643,0.2276286026645084,0.8634464223008558
68,2002-04-26,2957,,0.0005,0.002,0.041,-119.79152,34.5417,0.3885124526154104,0.29556197833661985
69,2002-04-26,2958,0.348,0.001,0.009,0.033,-121.61884,39.13868,0.18899140915831905,0.9164231112071528
70,2002-04-26,2964,0.491,0.006,0.012,0.026,-117.1539,32.7092,0.6765083672025072,0.04806731314659319
71,2002-04-26,2965,0.152,0.002,0.006,0.04,-120.668056,35.491667,0.2928054186269992,0.42386307771264975
72,2002-04-26,2968,0.165,,,0.032,-120.378551,37.98178,0.3244158315191286,0.7601739553226549
73,2002-04-26,2977,,0.0005,0.006,0.035,-121.42083,38.30256,0.21061168465190505,0.8034980146403393
74,2002-04-26,2981,,0.002,0.009,,-119.27264,35.50349,0.44516781622387397,0.42545987412549646
75,2002-04-26,2984,,0.001,0.006,0.034,-118.870509,34.210169,0.4890756138326352,0.2507859052969939
76,2002-04-26,2991,0.213,0.003,0.007,0.028,-119.143182,34.25239,0.4593030499234275,0.25648820939466793
77,2002-04-26,2992,,0.0005,0.001,0.045,-120.428716,34.725342,0.3189384257308568,0.3203643877799086
78,2002-04-26,2993,0.217,,,0.031,-120.764426,38.342606,0.28228299072276875,0.8089065665433137
79,2002-04-26,2996,0.3,0.001,0.01,0.037,-120.83592,37.48822,0.2744767184327907,0.6935144917749384
80,2002-04-26,3003,,0.0005,0.0005,0.028,-119.457914,34.403052,0.4249381565006337,0.27683639015693856
81,2002-04-26,3009,0.209,0.002,0.011,0.029,-119.773056,36.781944,0.39052849608146595,0.5981259285270527
82,2002-04-26,3010,0.22,,0.006,0.029,-123.20298,39.14566,0.016022653941875194,0.9173658193998
83,2002-04-26,3011,0.258,0.003,0.013,0.035,-121.49311,38.56844,0.20271959075424187,0.8394073633883475
84,2002-04-26,3017,0.209,,,0.03,-120.821916,38.725282,0.27600578432851375,0.8605902055590071
85,2002-04-26,3022,,0.001,0.007,0.042,-120.43368,37.28177,0.318396417511322,0.6656316685124662
86,2002-04-26,3023,0.139,0.0005,0.0005,0.043,-120.63129,34.59593,0.2968198171361507,0.30288619972448133
87,2002-04-26,3026,0.395,0.003,0.008,0.028,-119.716389,36.819313,0.39671584091958007,0.6031729288782045
88,2002-04-26,3101,0.2,0.0005,0.001,0.041,-120.0469,34.48976,0.3606280732630965,0.288547040868696
89,2002-04-26,3116,0.448,,0.005,0.032,-123.349724,39.404446,0.0,0.9523170632884038
90,2002-04-26,3121,,0.0005,0.005,0.042,-118.14778,35.05045,0.5679888004757523,0.3642729802004267
91,2002-04-26,3129,,0.001,0.009,0.024,-119.64323,36.31572,0.40470391088996094,0.5351584235974177
92,2002-04-26,3135,0.323,0.0005,0.003,0.022,-115.48307,32.67618,0.8589426124575321,0.04360768212636136
93,2002-04-26,3138,0.643,0.006,0.015,0.018,-116.987,32.5308,0.6947318103613354,0.023972880257151604
94,2002-04-26,3141,0.743,0.008,0.013,0.024,-116.976,32.4975,0.6959328761177578,0.019475432862430097
95,2002-04-26,3144,0.248,,,0.035,-120.680277,38.20185,0.2914710345716127,0.7898962750871128
96,2002-04-26,3145,0.335,0.003,0.014,0.025,-119.015,35.38562,0.473298959995234,0.4095405310499452
97,2002-04-26,3146,0.23,0.004,0.008,0.033,-119.062613,35.356615,0.4681002014624543,0.4056231598282055
98,2002-04-26,3153,0.27,0.001,0.007,0.029,-119.828452,34.445505,0.38447992893211635,0.2825700278220468
99,2002-04-26,3159,,0.001,0.004,0.042,-121.5342,37.73667,0.19823306421501874,0.727069771210934
100,2002-04-26,3168,,0.001,0.002,0.031,-116.858413,33.920767,0.708771941490539,0.2116997109748521
101,2002-04-26,3172,,0.0005,0.005,0.028,-119.231299,34.448057,0.4496817488999006,0.2829146970638287
102,2002-04-26,3173,0.396,0.0005,0.001,0.037,-115.3911,32.6742,0.8689846140591937,0.04334026633532341
103,2002-04-26,3178,0.381,,,0.031,-117.116,32.5136,0.6806465846723666,0.021649874395613215
104,2002-04-26,3183,0.4,0.006,0.01,0.024,-117.056,32.3533,0.6871978524346773,0.0
105,2002-04-26,3185,0.371,0.002,0.009,0.026,-115.398,32.6214,0.8682312182665283,0.03620917857432321
106,2002-04-26,3187,,0.001,0.005,0.038,-121.164442,38.683293,0.23860612530262731,0.8549192350287673
107,2002-04-26,3198,,0.008,0.007,0.03,-117.39616,33.21701,0.6500565317342181,0.11665136003889742
108,2002-04-26,3201,0.474,0.004,0.011,0.03,-115.446,32.6292,0.8629902040566785,0.03726263472083411
109,2002-04-26,3202,0.509,0.004,0.012,,-115.427,32.6583,0.8650647721814095,0.04119283649820367
110,2002-04-26,3203,0.287,0.0005,0.004,0.034,-115.506,32.6403,0.8564389362943677,0.03876178385240891
111,2002-04-26,3207,0.213,0.001,0.005,0.041,-122.339996,37.963333,0.1102499749183718,0.7576825315361551
112,2002-04-26,3211,,0.0005,0.006,0.033,-120.01011,36.86719,0.3646450922793534,0.6096391237405799
113,2002-04-26,3215,,0.003,0.004,0.041,-117.372102,35.774455,0.6526833717313121,0.4620559952459421
114,2002-04-26,3223,0.248,0.001,0.012,0.032,-121.514167,38.636667,0.20042042333305926,0.8486219983252752
115,2002-04-26,3251,,0.002,0.001,0.042,-120.50101,35.0315,0.3110448032040494,0.36171362199832563
116,2002-04-26,3255,0.535,0.008,0.016,0.02,-116.619,32.575,0.7349129193035067,0.029942465087383574
117,2002-04-26,3265,0.209,,,0.031,-117.67588,33.63005,0.6195145214263252,0.17243591475108713
118,2002-04-26,3483,0.817,,,,-119.945,38.95639,0.37175430967942097,0.891803300829259
119,2002-04-26,3486,0.457,0.005,,0.032,-120.435611,34.942872,0.318185575877172,0.3497436590043493
120,2002-04-26,3487,0.083,0.001,0.002,0.042,-120.033084,38.81161,0.362136611853163,0.8722495340482431
121,2002-04-26,3489,0.404,0.001,0.0005,0.04,-121.623271,36.694261,0.18850759803407258,0.5862835957969799
122,2002-04-26,3490,0.287,0.0005,0.005,0.041,-121.7842,37.6875,0.17093611520539181,0.7204289457335027
123,2002-04-26,3500,0.495,0.005,0.015,0.026,-117.32555,34.51096,0.6577662820124959,0.29141028065152197
124,2002-04-26,3502,0.27,0.004,0.008,0.034,-118.52839,34.38337,0.5264308334255349,0.2741781691472409
125,2002-04-26,3508,0.439,0.011,0.018,0.036,-118.2167,34.03528,0.5604635775727784,0.22716566273196323
126,2002-04-26,3509,0.487,0.003,0.008,0.035,-118.2464,33.78611,0.557220700030435,0.1935131411901357
127,2002-04-26,3658,0.035,0.003,0.006,0.036,-118.13068,34.66959,0.5698559117880109,0.31283460738499785
128,2002-04-26,3659,0.122,0.001,0.008,0.039,-122.279999,37.786945,0.11680091511729343,0.7338598363091223
129,2002-04-26,3660,0.261,0.001,0.008,0.038,-122.221107,38.053333,0.12323120280159316,0.7698377947651336
130,2002-04-26,3674,0.233,0.001,0.008,0.026,-117.9385,33.83061,0.5908396224306909,0.19952324356446371
