,summary_date,site,CO,NO,NO2,O3,longitude,latitude,x,y
0,2002-04-26,2013,0.404,0.002,0.012,0.029,-119.74139,36.70556,0.32404502976378313,0.587809621566138
1,2002-04-26,2032,0.33,0.004,0.012,0.022,-119.29095,36.33252,0.3732275806113696,0.5374274060668274
2,2002-04-26,2045,0.243,0.001,0.004,0.036,-118.3703,33.9208,0.4737513250342232,0.211704167904703
3,2002-04-26,2094,0.343,0.002,0.011,0.032,-121.26897,37.95075,0.15725193629127474,0.7559830906782636
4,2002-04-26,2102,0.343,0.003,0.006,0.04,-121.896944,38.029167,0.08868483926178762,0.7665739715296725
5,2002-04-26,2105,0.296,0.002,0.007,0.032,-122.709167,38.443611,0.0,0.8225481483482344
6,2002-04-26,2115,0.252,0.001,0.007,0.035,-121.842224,39.7575,0.09465959546101409,1.0
7,2002-04-26,2123,0.287,0.001,0.009,0.037,-121.38108,38.71209,0.14501089247739787,0.8588085140866
8,2002-04-26,2125,0.383,0.005,0.005,0.04,-122.20348,37.48293,0.05521484901532682,0.6928000324140358
9,2002-04-26,2143,0.209,0.001,0.008,0.034,-121.7734,38.53455,0.10217433633557013,0.8348302314902357
10,2002-04-26,2160,0.104,0.004,0.014,0.024,-118.12714,34.13265,0.5003014295189482,0.2403163069609141
11,2002-04-26,2166,0.43,0.021,0.017,0.021,-118.060504,34.014073,0.5075772674957706,0.22430147753977545
12,2002-04-26,2199,0.226,0.003,0.008,0.036,-116.54099,33.85262,0.6734896522054323,0.2024958807163507
13,2002-04-26,2221,0.37,0.004,0.013,0.022,-117.274063,34.106678,0.5934470270000936,0.2368085681099922
14,2002-04-26,2249,0.326,0.004,0.012,0.025,-117.95259,33.92505,0.5193601593174707,0.21227816644607128
15,2002-04-26,2263,0.35,0.003,0.009,0.026,-117.075327,33.127708,0.6151465728336011,0.10459036762918354
16,2002-04-26,2293,0.47,0.002,0.008,0.04,-121.961944,37.535833,0.08158763251928397,0.6999450311985086
17,2002-04-26,2329,0.229,0.003,0.006,0.039,-122.1939,37.0119,0.05626086810137547,0.629183436427973
18,2002-04-26,2360,0.274,0.001,0.003,0.044,-120.4575,34.63782,0.2458545571426462,0.30854379946516836
19,2002-04-26,2373,0.578,0.003,0.009,0.038,-122.39902,37.76595,0.03386426737795741,0.7310242835147615
20,2002-04-26,2410,0.283,0.002,0.005,0.039,-122.238,38.10251,0.0514456862960773,0.7764795656519277
21,2002-04-26,2413,0.491,0.002,0.013,0.033,-121.887497,37.34,0.08971633637096266,0.6734961238216153
22,2002-04-26,2420,0.257,0.005,0.008,0.028,-118.53275,34.1992,0.4560137675677683,0.24930444882634176
23,2002-04-26,2429,0.678,0.01,0.017,0.028,-118.18916,33.82376,0.49352960240863974,0.19859809297425815
24,2002-04-26,2484,0.352,0.004,0.017,0.019,-117.92392,34.13648,0.5224905734298957,0.24083358094054735
25,2002-04-26,2485,0.009,0.003,0.019,0.019,-117.62906,34.10367,0.5546856869698109,0.23640231220118352
26,2002-04-26,2492,0.391,0.01,0.022,0.021,-118.3169,34.175799999999995,0.4795819533426805,0.24614408038680713
27,2002-04-26,2494,0.317,0.011,0.011,0.03,-118.4564,34.05109,0.46435025579530864,0.229300937305854
28,2002-04-26,2551,0.122,0.0005,0.001,0.038,-115.56299,32.79215,0.7802753167310952,0.059270414089300935
29,2002-04-26,2583,0.674,0.021,0.02,0.022,-118.21068,33.928991,0.49117988103789173,0.21281043191702081
30,2002-04-26,2589,0.465,0.004,0.006,0.03,-117.05905,32.63123,0.6169238225897206,0.03753680343588839
31,2002-04-26,2596,0.53,0.002,0.009,0.027,-117.41595,33.99952,0.5779546981835764,0.22233597147564882
32,2002-04-26,2622,0.422,0.008,0.013,0.027,-122.52011,37.9723,0.020642717155651982,0.758893600929202
33,2002-04-26,2655,0.3,0.003,0.008,0.032,-122.2942,38.31139,0.045309332158711586,0.8046905810215828
34,2002-04-26,2709,0.5,0.002,0.006,0.036,-120.6578,35.2822,0.2239842415961323,0.3955727830150461
35,2002-04-26,2731,0.33,0.001,0.008,0.047,-121.36801,38.61374,0.1464379769716203,0.8455255125469329
36,2002-04-26,2831,0.296,0.002,0.007,0.042,-122.0262,37.936,0.0745716614970329,0.7539909780935146
37,2002-04-26,2833,0.165,0.002,0.01,0.03,-120.994212,37.642165,0.18725215675522425,0.7143060695281056
38,2002-04-26,2844,0.283,0.001,0.006,0.051,-119.87449,36.84157,0.3095121341110574,0.6061789254747303
39,2002-04-26,2880,0.248,0.002,0.006,0.034,-118.683685,34.276316,0.439533507572695,0.259719618594852
40,2002-04-26,2898,0.504,0.013,0.023,0.012,-117.75138,34.06698,0.5413298357583798,0.2314470165581701
41,2002-04-26,2899,0.348,0.007,0.01,0.03,-118.22676,34.06653,0.4894241412775923,0.2313862402420251
42,2002-04-26,2923,0.077,0.001,0.012,0.033,-117.02471,34.89405,0.6206733315056834,0.3431498338780694
43,2002-04-26,2933,0.83,0.014,0.017,0.024,-116.937931,32.552217,0.6301485392581082,0.02686542773020738
44,2002-04-26,2937,0.143,0.001,0.005,0.034,-117.9256,33.67458,0.5223071379325491,0.1784500688798251
45,2002-04-26,2943,0.026,0.001,0.005,0.038,-117.33104,33.67653,0.5872258339452062,0.17871343291645306
46,2002-04-26,2948,0.43,0.001,0.007,0.034,-119.970609,38.944979,0.29901711234363226,0.8902621485103045
47,2002-04-26,2956,0.243,0.001,0.008,0.036,-121.26498,38.74643,0.15768759559746973,0.8634464223008558
48,2002-04-26,2958,0.348,0.001,0.009,0.033,-121.61884,39.13868,0.11905040209128036,0.9164231112071528
49,2002-04-26,2964,0.491,0.006,0.012,0.026,-117.1539,32.7092,0.6065673601354685,0.04806731314659319
50,2002-04-26,2965,0.152,0.002,0.006,0.04,-120.668056,35.491667,0.22286441155996053,0.42386307771264975
51,2002-04-26,2991,0.213,0.003,0.007,0.028,-119.143182,34.25239,0.3893620428563888,0.25648820939466793
52,2002-04-26,2996,0.3,0.001,0.01,0.037,-120.83592,37.48822,0.204535711365752,0.6935144917749384
53,2002-04-26,3009,0.209,0.002,0.011,0.029,-119.773056,36.781944,0.3205874890144273,0.5981259285270527
54,2002-04-26,3011,0.258,0.003,0.013,0.035,-121.49311,38.56844,0.13277858368720316,0.8394073633883475
55,2002-04-26,3023,0.139,0.0005,0.0005,0.043,-120.63129,34.59593,0.22687881006911198,0.30288619972448133
56,2002-04-26,3026,0.395,0.003,0.008,0.028,-119.716389,36.819313,0.32677483385254136,0.6031729288782045
57,2002-04-26,3101,0.2,0.0005,0.001,0.041,-120.0469,34.48976,0.2906870661960578,0.288547040868696
58,2002-04-26,3135,0.323,0.0005,0.003,0.022,-115.48307,32.67618,0.7890016053904935,0.04360768212636136
59,2002-04-26,3138,0.643,0.006,0.015,0.018,-116.987,32.5308,0.6247908032942966,0.023972880257151604
60,2002-04-26,3141,0.743,0.008,0.013,0.024,-116.976,32.4975,0.625991869050719,0.019475432862430097
61,2002-04-26,3145,0.335,0.003,0.014,0.025,-119.015,35.38562,0.4033579529281953,0.4095405310499452
62,2002-04-26,3146,0.23,0.004,0.008,0.033,-119.062613,35.356615,0.39815919439541564,0.4056231598282055
63,2002-04-26,3153,0.27,0.001,0.007,0.029,-119.828452,34.445505,0.3145389218650777,0.2825700278220468
64,2002-04-26,3173,0.396,0.0005,0.001,0.037,-115.3911,32.6742,0.7990436069921549,0.04334026633532341
65,2002-04-26,3183,0.4,0.006,0.01,0.024,-117.056,32.3533,0.6172568453676387,0.0
66,2002-04-26,3185,0.371,0.002,0.009,0.026,-115.398,32.6214,0.7982902111994896,0.03620917857432321
67,2002-04-26,3201,0.474,0.004,0.011,0.03,-115.446,32.6292,0.7930491969896398,0.03726263472083411
68,2002-04-26,3203,0.287,0.0005,0.004,0.034,-115.506,32.6403,0.7864979292273291,0.03876178385240891
69,2002-04-26,3207,0.213,0.001,0.005,0.041,-122.339996,37.963333,0.0403089678513331,0.7576825315361551
70,2002-04-26,3223,0.248,0.001,0.012,0.032,-121.514167,38.636667,0.13047941626602058,0.8486219983252752
71,2002-04-26,3255,0.535,0.008,0.016,0.02,-116.619,32.575,0.6649719122364679,0.029942465087383574
72,2002-04-26,3487,0.083,0.001,0.002,0.042,-120.033084,38.81161,0.2921956047861243,0.8722495340482431
73,2002-04-26,3489,0.404,0.001,0.0005,0.04,-121.623271,36.694261,0.11856659096703387,0.5862835957969799
74,2002-04-26,3490,0.287,0.0005,0.005,0.041,-121.7842,37.6875,0.10099510813835312,0.7204289457335027
75,2002-04-26,3500,0.495,0.005,0.015,0.026,-117.32555,34.51096,0.5878252749454572,0.29141028065152197
76,2002-04-26,3502,0.27,0.004,0.008,0.034,-118.52839,34.38337,0.45648982635849616,0.2741781691472409
77,2002-04-26,3508,0.439,0.011,0.018,0.036,-118.2167,34.03528,0.4905225705057397,0.22716566273196323
78,2002-04-26,3509,0.487,0.003,0.008,0.035,-118.2464,33.78611,0.4872796929633963,0.1935131411901357
79,2002-04-26,3658,0.035,0.003,0.006,0.036,-118.13068,34.66959,0.4999149047209721,0.31283460738499785
80,2002-04-26,3659,0.122,0.001,0.008,0.039,-122.279999,37.786945,0.04685990805025474,0.7338598363091223
81,2002-04-26,3660,0.261,0.001,0.008,0.038,-122.221107,38.053333,0.053290195734554464,0.7698377947651336
82,2002-04-26,3674,0.233,0.001,0.008,0.026,-117.9385,33.83061,0.5208986153636522,0.19952324356446371
